08139097050
08139097050
07035393603
09138041744
08033337343
07036236818
09131286364
08136864872
+233207605895
+233543099779
No 15 Sarah faboyede street Bucknor estate isolo Lagos 
+820121753261
+2348066388192
07066401746
393317869658
07823845134
23054909794
23054909794
08104711044
09066324164
0816 095 7457 
0816 095 7457 
07067389479
08129711976
+447823845134
08065279908
08036743765
+234 803 3161958
07014970886
07045048382
09134445645 
09046112383
+2348101088488
08170046506
08038579761
08139403314
+2347012643503
+2348069539562
+2348183622969
+2348183622969
07032341151
+2348037644462
+2347016113281
+2347016113281
08038253923
08120714278
0706 389 2060 
08081335610
+2347065494415
08164319782
09134716478
08120714278
07036826820
08133300656
08133300656
2348035507062
09060165752
2348068699932
08038838174
08038675426
07037796956
+2347085804145
08037314410
08021373197
08038838174
08052401450
08137519971
08099519848
+2348032269923
+2347030312494
08133652014
+2348033501417
08033053812
08162668728
0806 953 9562 
07030569604
+2347038294333
07066597162
08120863519
08104039280
08068477134
08068477134
